541
995
366
846
30
562
993
89
221
698
663
698
276
230
476
259
908
671
131
817
716
194
780
792
196
110
268
198
121
420
293
949
785
279
624
781
50
775
888
874
765
849
169
33
817
713
145
512
822
787
997
919
798
453
839
490
11
425
887
976
981
554
200
537
786
709
125
19
67
51
515
93
341
987
560
256
613
149
116
771
56
756
159
30
858
932
716
770
196
805
340
663
588
637
438
605
320
917
861
7
858
325
26
484
3
442
116
96
817
113
926
619
603
260
536
280
847
732
680
865
409
239
218
441
351
797
581
458
898
326
753
480
16
174
886
846
776
795
974
655
165
286
886
80
727
464
280
940
70
904
389
143
576
674
41
408
565
801
215
1
2
152
647
784
555
582
102
43
956
888
269
327
513
59
852
706
660
99
704
34
719
597
970
37
827
612
26
946
416
826
236
200
150
100
554
86
75
172
762
75
270
889
529
415
836
393
296
649
137
378
47
498
802
910
935
41
560
349
780
817
438
223
850
625
295
666
175
162
530
208
730
470
24
685
747
974
232
960
163
125
631
80
709
20
982
41
269
21
911
134
607
300
289
681
811
442
660
369
680
308
526
596
183
660
952
189
538
206
915
71
12
486
887
699
322
504
276
598
107
904
986
311
276
355
975
367
951
653
975
754
860
36
257
181
608
837
295
641
750
598
222
143
412
612
79
59
143
534
357
134
289
985
927
711
178
926
393
18
876
553
934
388
204
538
801
150
806
97
797
232
391
782
840
303
545
287
191
242
891
678
710
537
39
858
312
959
937
172
558
314
508
573
507
864
662
223
127
629
119
833
169
482
398
910
579
784
837
56
409
349
447
952
946
870
590
482
755
934
801
167
72
342
846
211
860
262
44
713
250
386
437
35
165
168
634
814
133
225
560
597
651
743
385
589
328
606
254
113
609
773
483
735
189
295
667
794
201
989
926
617
612
830
728
528
967
322
892
774
552
675
761
423
879
805
211
35
703
856
117
143
193
708
390
682
518
540
58
18
940
709
507
456
771
777
502
737
800
767
659
822
2
822
568
343
19
482
589
420
808
605
117
260
333
154
323
193
787
622
651
339
755
112
915
268
104
914
49
612
856
352
583
903
235
761
653
67
200
972
645
158
731
549
197
520
355
855
776
276
76
420
158
653
296
371
742
7
179
874
505
779
831
948
8
943
197
460
232
837
357
963
133
275
680
719
150
43
92
580
175
779
584
759
836
848
249
225
973
607
612
624
548
157
388
684
439
855
878
65
834
492
628
704
805
81
751
323
542
13
808
585
640
375
169
102
484
716
199
431
54
454
674
613
636
729
233
480
75
232
160
125
67
471
651
467
35
338
855
210
487
518
807
917
449
878
733
554
215
346
841
776
596
914
991
856
73
81
500
279
44
880
809
299
545
816
571
547
665
717
330
636
945
175
896
417
812
322
373
627
451
424
537
298
900
37
305
82
937
164
366
281
171
57
178
185
734
94
500
729
926
177
94
496
650
198
853
181
633
953
0
472
162
471
381
61
896
854
481
355
622
226
743
480
903
537
274
255
105
9
822
124
283
56
188
95
117
404
188
328
206
5
416
882
860
840
278
690
279
613
503
218
63
115
742
121
920
242
691
158
747
329
888
565
591
977
307
376
239
674
918
2
829
157
771
824
903
481
564
761
602
242
474
16
277
511
516
247
831
307
139
878
987
190
556
444
402
244
197
924
385
487
795
372
422
768
107
139
661
180
79
945
648
653
84
340
54
462
954
920
635
387
451
110
1
24
416
176
660
609
24
499
540
386
74
630
831
720
46
842
814
784
935
403
825
974
443
351
269
776
910
692
796
284
115
190
509
95
797
665
310
40
541
732
696
821
749
223
602
36
637
54
888
276
443
318
773
13
248
384
335
933
513
444
706
549
435
328
776
804
531
144
919
722
388
664
923
231
546
160
974
260
743
839
653
402
188
899
293
330
547
720
214
942
90
776
918
182
834
137
145
613
953
797
752
821
325
742
607
191
698
704
348
616
350
900
724
577
258
914
112
934
276
206
945
177
243
847
911
631
626
412
736
515
601
903
231
418
464
287
907
879
173
608
50
776
328
814
30
977
173
82
887
511
258
635
344
79
842
841
630
328
9
279
750
943
817
231
14
346
268
794
832
534
675
488
339
164
438
564
506
914
493
451
968
502
134
207
540
457
192
432
178
385
232
346
394
319
610
572
381
883
858
400
629
228
643
375
164
653
488
311
168
764
49
95
333
28
200
993
740
645
101
849
819
435
503
790
260
205
796
975
75
526
706
880
930
865
790
397
639
793
710
318
880
503
570
571
726
959
104
474
928
117
417
583
281
252
309
499
413
759
390
816
767
452
636
419
839
949
565
171
803
121
455
562
979
171
896
234
745
81
614
537
401
176
187
144
685
597
796
232
764
671
682
190
524
588
592
841
845
585
613
105
160
622
661
586
416
408
995
226
456
161
386
711
766
189
196
836
614
983
226
390
537
996
926
218
639
309
173
145
675
939
857
398
375
798
382
879
920
454
643
947
850
182
891
164
175
894
269
452
580
296
752
12
733
157
883
347
802
209
796
668
906
244
488
203
271
762
331
105
529
614
120
54
80
578
26
239
324
554
892
344
488
714
574
851
199
876
817
745
397
791
765
457
656
637
897
535
600
683
35
263
365
22
137
994
761
764
271
384
526
337
129
119
705
859
84
458
23
936
192
142
734
615
272
433
823
12
981
363
347
872
912
298
556
184
447
9
901
836
994
224
796
939
478
642
527
269
257
634
141
25
279
984
823
849
325
923
151
634
372
215
887
392
32
25
76
898
306
824
205
874
379
559
71
960
705
104
179
231
423
747
802
359
16
47
295
949
356
896
390
136
206
642
756
757
517
669
911
566
402
729
839
406
801
524
222
760
84
650
276
249
564
108
797
522
913
596
783
283
612
960
910
677
123
685
955
694
909
629
893
954
694
732
830
408
453
200
273
67
317
751
202
274
249
902
695
163
147
455
541
739
998
130
87
552
962
479
410
379
569
642
396
360
184
169
431
376
415
306
256
977
684
136
661
476
165
256
679
528
934
703
291
581
538
830
607
123
836
345
212
436
280
156
342
983
534
862
828
182
887
203
748
883
131
789
126
702
658
403
405
698
993
909
681
593
72
126
704
45
361
930
142
9
412
722
194
783
217
198
364
987
653
891
172
7
641
485
460
320
118
214
681
353
478
968
518
776
631
719
457
646
121
907
146
618
683
69
265
856
137
47
79
861
152
313
728
942
933
793
688
842
131
506
20
470
579
33
306
808
297
492
955
782
204
435
863
839
470
564
874
130
237
74
942
93
178
749
929
577
464
768
297
69
327
967
317
159
225
511
477
586
36
659
365
141
434
3
861
624
501
448
421
597
663
430
80
724
873
656
62
934
426
491
703
175
762
924
244
598
80
835
624
991
473
916
167
779
138
587
405
677
88
672
850
385
365
363
317
936
38
666
31
335
515
601
250
625
846
113
18
26
543
996
34
349
48
64
849
48
613
650
382
687
734
525
186
614
728
75
174
435
824
514
981
931
394
995
675
27
569
448
166
50
520
475
691
670
856
311
516
204
659
521
449
484
225
470
692
612
872
324
562
372
201
113
903
9
768
57
945
510
581
174
528
344
649
776
740
481
579
736
279
495
580
711
348
422
767
612
785
931
725
894
89
810
95
247
565
387
774
730
420
112
648
254
256
179
75
194
483
221
15
595
330
74
183
829
57
531
689
463
584
28
646
826
828
103
715
643
584
248
353
750
925
627
355
749
279
427
910
50
691
84
621
554
174
923
710
202
480
829
134
174
825
421
500
184
706
746
461
133
583
608
116
574
675
526
709
902
836
256
538
151
825
173
669
147
322
324
207
951
447
778
672
306
556
463
424
591
419
755
13
726
498
315
246
986
350
264
304
823
16
202
543
634
207
576
855
86
902
691
691
220
184
292
221
58
834
107
752
623
519
58
11
534
345
281
590
489
23
979
618
568
146
633
548
355
156
133
922
188
51
738
914
176
146
266
287
39
562
136
92
722
23
799
910
148
685
554
573
916
997
558
484
531
402
981
378
729
153
828
808
980
984
775
363
780
182
44
28
728
420
397
790
509
106
874
287
729
853
478
515
819
200
569
854
45
504
46
897
196
69
629
495
327
461
716
800
479
603
186
957
14
400
340
156
707
409
859
839
612
802
997
312
309
792
795
568
857
717
924
169
685
776
488
624
37
555
536
183
746
881
699
937
729
575
780
543
754
730
778
379
78
722
888
60
522
790
6
49
44
616
847
761
684
538
806
955
789
881
42
513
380
649
577
258
808
257
828
503
650
32
640
846
207
887
525
590
83
745
882
611
401
90
576
747
936
12
661
831
904
367
412
990
134
1
28
486
828
908
198
92
652
736
667
295
94
649
581
8
944
530
621
916
590
337
773
165
210
853
654
21
645
254
885
317
87
195
170
382
540
698
665
870
40
428
764
133
868
366
865
152
776
16
336
517
683
567
632
328
66
109
298
110
149
324
765
472
808
183
876
58
569
410
373
132
885
619
588
657
904
248
247
63
812
235
123
550
625
604
711
284
551
989
319
800
424
908
260
629
425
76
466
442
714
373
298
912
748
517
705
515
914
279
665
588
539
147
294
574
304
46
868
281
273
700
199
452
653
411
338
237
785
682
244
885
184
457
481
744
980
491
205
707
788
521
190
777
470
641
378
967
711
39
862
374
329
538
328
9
428
787
336
712
297
737
195
861
522
616
560
365
494
604
319
656
52
48
421
412
141
300
813
223
247
38
748
820
375
800
84
537
214
531
956
974
160
138
749
888
985
810
776
86
385
848
798
836
106
780
96
550
111
100
329
727
255
580
880
379
322
941
290
986
651
451
663
447
295
708
628
447
469
846
665
885
382
607
844
373
63
947
14
983
733
482
28
983
416
976
513
547
107
577
754
125
18
436
594
290
949
271
158
833
973
308
900
240
397
266
568
516
139
791
807
471
614
581
72
615
817
82
735
324
921
20
732
682
468
613
643
632
91
972
725
696
442
628
447
440
901
832
370
96
189
631
707
278
618
389
227
62
259
835
394
678
517
511
695
897
329
494
844
873
17
722
88
338
691
479
876
669
158
10
26
371
245
636
10
939
171
667
319
190
342
481
778
616
134
985
797
201
568
600
291
149
510
57
526
649
713
380
353
687
922
431
368
412
213
676
612
423
951
29
547
213
145
46
167
579
573
771
942
611
561
994
682
564
378
745
1
171
371
395
344
918
734
423
372
178
938
778
9
506
894
326
399
468
621
634
745
47
354
428
480
496
325
820
543
493
223
179
224
265
938
668
216
361
165
474
230
982
607
739
993
164
729
563
275
874
361
892
760
468
92
372
212
414
516
303
468
817
898
214
51
714
94
352
96
449
37
769
118
792
346
369
493
109
976
678
559
777
598
12
525
26
356
787
922
437
197
138
416
616
54
635
626
888
158
911
482
118
734
883
892
623
923
323
731
92
410
766
315
335
971
498
718
176
273
946
74
599
841
173
411
474
825
385
469
505
323
423
237
808
129
625
929
685
747
337
532
67
295
156
359
366
297
935
85
343
764
888
885
978
559
496
77
247
675
104
156
942
492
442
521
695
886
193
747
768
866
388
553
720
225
566
187
36
496
914
968
455
468
277
481
311
336
508
870
990
789
128
640
159
138
367
326
690
924
253
620
785
503
67
816
780
45
647
279
97
663
107
545
408
354
706
512
686
867
688
310
33
911
418
391
772
212
911
244
978
956
93
266
232
987
206
875
406
862
740
795
495
302
267
822
370
110
230
768
79
417
293
53
438
40
701
794
444
771
328
467
943
717
999
855
29
125
22
417
568
570
351
648
452
22
385
641
244
751
65
795
818
730
426
283
6
201
26
986
801
742
653
20
473
200
117
537
447
758
202
425
896
89
679
660
386
375
837
441
439
781
356
352
582
117
199
320
40
441
207
317
513
766
763
221
728
420
591
914
344
741
50
21
831
596
852
177
527
17
240
493
796
730
406
646
941
371
36
13
582
601
222
284
141
587
84
527
67
954
955
801
462
499
646
852
549
59
927
685
764
314
520
135
960
683
519
335
813
851
442
112
638
8
439
672
364
124
815
459
356
98
907
462
434
632
151
702
658
701
887
962
568
741
224
70
318
451
88
58
7
398
464
435
489
551
456
944
216
402
236
367
497
707
142
913
244
379
732
883
342
307
644
927
533
640
365
834
453
399
736
671
450
419
694
324
919
606
499
11
383
156
708
437
59
662
445
314
459
389
406
379
216
380
807
715
905
835
577
259
988
386
783
942
888
267
37
797
144
108
23
539
371
459
598
219
650
330
599
345
305
485
964
166
401
753
374
984
749
720
267
313
748
362
173
391
255
702
940
396
724
481
877
335
338
326
586
331
381
408
780
366
892
60
46
892
289
209
812
533
785
860
387
28
597
463
315
522
536
355
931
35
578
710
372
727
797
646
665
451
798
311
628
721
381
753
300
965
472
397
742
682
85
769
970
37
831
923
80
983
139
267
315
689
508
267
980
491
611
483
905
629
251
248
176
434
356
773
687
162
814
917
254
127
72
527
591
498
786
691
428
710
56
885
474
934
440
184
333
851
302
4
157
744
61
986
151
513
985
503
246
625
914
160
59
388
828
158
907
12
765
282
88
16
399
530
339
409
110
211
528
479
740
322
578
508
516
14
977
647
91
504
793
28
341
79
102
593
247
861
812
172
345
693
179
499
631
697
147
892
224
431
588
567
382
420
874
697
175
844
239
810
83
440
993
409
704
345
717
390
650
404
820
936
70
487
750
673
641
755
148
686
989
178
930
683
572
691
828
455
104
83
680
588
257
918
981
410
808
423
706
875
173
36
987
634
452
246
775
800
133
15
973
695
348
813
433
683
310
166
233
990
797
524
276
851
725
883
45
965
736
568
261
593
839
109
143
120
811
42
160
58
699
126
495
192
982
183
905
336
411
286
263
878
327
518
396
153
559
758
482
380
767
293
37
70
562
382
970
620
898
740
273
605
283
448
432
511
75
232
82
392
581
130
569
223
430
210
335
260
111
768
363
790
220
902
850
283
836
256
388
725
739
228
640
819
948
676
514
821
779
90
861
821
874
955
644
34
882
999
853
390
388
152
376
394
384
418
444
657
278
306
699
787
324
185
415
59
879
219
317
122
285
746
833
269
235
121
530
613
194
310
335
742
519
183
218
994
283
961
492
598
392
981
449
294
918
780
285
828
916
820
960
783
987
147
518
370
727
395
578
97
847
823
164
196
752
613
896
989
213
372
129
964
802
136
29
565
520
972
27
152
947
168
107
698
779
563
365
970
0
490
684
223
594
777
580
152
919
297
266
611
670
51
883
826
483
268
608
522
868
746
880
502
516
590
734
901
62
986
517
599
356
453
57
557
152
901
823
154
508
268
424
388
189
885
210
703
765
281
432
612
664
878
780
566
519
55
362
486
204
737
278
304
685
45
216
269
516
714
990
498
590
197
547
984
739
323
263
101
862
718
760
188
653
863
823
944
507
403
822
919
76
856
112
277
529
593
457
822
877
529
176
160
662
629
890
127
96
301
890
971
111
532
229
896
779
525
34
756
617
185
258
191
56
710
716
230
249
906
925
583
466
377
102
100
500
819
254
146
236
546
329
713
199
82
185
985
258
177
132
339
569
57
126
429
486
388
177
18
628
896
771
914
716
387
719
494
72
592
445
663
639
578
518
479
704
601
123
535
274
923
230
403
43
84
891
827
983
769
280
19
268
882
995
846
563
638
603
198
930
484
889
207
520
638
88
565
320
496
779
459
282
658
670
485
230
202
401
408
131
294
968
57
423
825
373
475
215
3
562
589
745
134
786
67
600
62
832
555
561
280
738
267
939
999
958
266
516
59
206
796
18
891
881
634
934
92
994
425
80
682
29
417
79
894
646
433
335
137
468
945
361
177
823
537
941
121
758
872
867
637
12
447
467
743
355
7
297
692
257
760
837
826
435
723
74
917
527
27
917
480
646
679
8
746
242
443
952
993
660
185
140
867
530
649
807
362
119
112
592
808
339
768
136
916
68
228
995
603
565
935
42
194
478
222
376
491
212
995
604
535
490
299
543
779
248
522
334
982
596
637
18
729
263
409
895
151
449
99
761
687
902
847
142
408
467
180
527
789
260
567
568
530
928
224
635
582
39
786
616
624
138
415
665
686
597
707
3
292
25
719
878
82
532
746
384
578
45
451
807
192
226
297
486
483
884
718
634
891
246
994
189
106
794
796
971
784
685
982
83
122
868
226
968
572
758
215
441
343
108
537
982
123
727
992
964
153
200
991
338
194
62
992
861
732
539
814
497
767
184
923
33
682
282
899
544
116
125
208
721
440
945
768
173
647
994
220
419
628
876
466
436
157
989
301
871
134
741
483
922
554
597
584
715
804
500
770
934
82
560
972
368
860
539
78
851
772
499
453
698
254
838
15
200
313
309
434
268
895
233
269
280
170
668
783
498
575
682
86
658
943
999
355
29
84
570
693
146
609
562
691
155
93
944
726
326
377
614
805
68
927
774
851
257
350
758
238
718
108
378
545
284
347
923
37
858
919
878
516
0
678
280
70
644
305
745
671
93
163
574
896
23
399
52
588
359
935
234
967
519
306
374
290
35
349
426
298
205
662
232
666
14
908
828
22
759
307
490
834
367
431
639
249
389
503
684
594
744
172
544
352
708
98
845
450
489
878
78
482
463
632
96
945
908
635
159
579
362
3
49
719
202
582
337
778
389
686
445
196
157
950
681
75
367
899
663
599
108
37
831
302
224
942
324
672
218
66
71
373
749
856
528
974
703
888
970
458
520
725
807
866
997
333
180
183
78
918
629
530
708
803
644
764
352
960
6
79
671
586
606
101
258
587
191
535
630
796
156
865
246
347
938
132
18
256
425
556
162
922
470
251
459
328
21
477
446
77
621
382
45
683
420
57
191
939
461
483
862
395
822
407
303
841
167
666
322
296
808
138
675
400
611
219
416
635
546
418
843
477
114
13
538
324
944
370
358
681
226
648
865
412
209
323
627
287
749
124
134
972
802
240
408
632
866
104
986
924
884
857
615
370
51
84
167
277
922
233
69
372
302
311
989
752
100
687
193
484
637
843
566
909
422
240
427
689
749
795
234
269
706
900
338
681
234
692
604
23
642
740
604
829
898
201
707
655
591
171
179
560
941
677
82
906
229
346
994
132
236
397
40
379
228
785
92
205
623
147
104
682
704
981
981
123
685
260
611
608
90
45
31
900
471
163
265
868
862
364
646
848
925
925
172
681
283
282
924
916
873
978
349
13
789
947
255
888
263
186
644
899
14
110
934
144
963
518
821
410
505
935
655
910
650
450
517
164
478
294
620
118
264
626
65
417
817
693
913
777
393
50
640
761
626
302
40
955
544
476
804
21
886
531
797
22
635
422
853
767
197
252
2
372
844
817
637
701
90
109
484
168
761
980
781
834
503
621
4
558
342
686
927
61
814
457
815
839
30
272
2
64
904
494
327
262
750
425
801
82
154
682
696
765
290
15
604
629
995
436
755
665
109
549
949
65
872
383
191
41
453
416
749
39
376
115
123
163
116
304
949
647
632
964
317
527
753
877
301
67
536
409
190
779
293
376
824
210
724
278
675
101
911
717
926
318
164
883
421
940
241
296
520
661
229
875
314
671
928
573
416
244
102
806
939
892
39
230
86
79
811
711
756
51
645
721
20
394
437
326
223
248
810
920
380
28
656
631
929
973
446
255
76
591
443
489
138
93
883
625
625
665
652
848
657
874
750
491
105
941
834
108
31
768
513
912
743
291
937
584
368
464
172
59
834
252
161
620
893
654
823
288
215
63
79
155
572
347
554
771
139
807
611
957
854
971
893
223
178
403
712
846
344
432
129
105
827
244
399
262
346
174
789
627
753
546
165
463
499
573
313
986
203
176
800
666
668
818
727
791
140
955
326
202
304
958
37
193
541
991
78
238
843
46
868
570
486
562
133
204
336
377
676
78
497
175
514
929
952
61
182
463
207
948
274
730
970
378
544
572
352
20
733
278
230
381
77
957
552
894
447
873
321
375
522
904
804
572
872
203
924
475
658
71
537
21
292
807
28
355
691
8
526
572
372
637
860
84
895
844
669
38
883
32
358
670
123
72
566
8
842
313
302
93
179
199
180
223
429
482
368
738
749
182
909
758
388
939
52
850
194
271
214
596
298
376
393
462
448
103
573
67
937
681
543
274
234
808
302
474
580
329
452
471
150
991
470
563
411
640
400
632
542
958
147
341
555
897
337
904
392
35
738
436
980
797
839
563
470
912
959
637
417
758
945
753
719
545
65
914
692
28
462
174
204
377
316
692
135
187
605
708
11
590
93
748
571
515
886
599
464
904
25
448
621
543
478
40
279
942
902
612
716
223
303
707
67
681
920
935
525
439
582
609
58
166
254
970
391
221
115
279
254
928
26
516
23
526
957
813
278
957
309
865
589
713
491
24
787
236
49
302
525
907
692
600
748
685
28
783
663
434
464
523
274
345
844
161
695
146
788
112
861
581
733
288
422
515
794
172
109
628
141
898
15
448
790
465
153
978
505
738
923
737
67
738
652
729
477
38
254
907
348
464
99
24
208
602
407
11
251
992
8
887
757
235
420
982
542
11
578
629
427
28
20
84
101
428
442
338
814
748
163
680
517
654
528
709
956
702
281
954
176
43
620
31
576
696
171
30
42
534
486
901
195
253
577
954
478
282
630
643
326
763
430
635
143
793
308
508
250
429
91
857
311
214
546
754
632
610
84
478
659
891
805
276
257
652
298
195
77
84
128
99
607
194
839
307
113
250
64
277
17
190
429
902
673
417
777
506
843
408
984
744
265
962
87
217
484
641
431
23
284
106
774
380
903
97
23
64
749
112
347
320
771
106
200
35
782
51
1
414
251
699
238
378
932
882
349
868
566
742
537
182
985
410
106
837
279
865
853
106
177
564
102
389
910
401
619
566
125
309
67
590
478
498
62
462
772
812
302
357
613
648
719
784
805
319
51
806
455
602
354
698
958
46
272
452
723
474
446
177
696
406
518
58
805
926
913
979
96
703
283
493
554
466
162
774
568
943
538
302
735
747
253
470
692
485
657
693
314
365
986
307
221
351
594
361
95
47
630
208
257
996
859
602
437
938
56
926
673
650
582
95
311
453
126
887
946
602
57
280
443
756
390
836
933
871
695
957
870
796
61
263
807
459
758
157
734
680
443
849
954
833
199
400
262
976
397
478
258
908
129
61
990
500
50
868
800
23
150
822
232
517
599
623
802
579
868
614
732
485
907
752
745
908
797
114
485
978
963
369
970
172
528
101
186
328
974
411
294
350
214
74
174
196
714
64
802
636
310
182
840
553
574
673
119
850
249
651
300
534
335
289
91
185
534
678
616
606
947
305
86
957
72
354
272
990
193
730
102
703
595
211
355
955
886
718
652
356
586
572
75
586
569
263
205
532
892
522
752
878
296
454
657
436
370
214
758
934
825
829
735
108
395
575
154
404
827
357
424
914
1
957
370
23
730
450
559
285
505
343
186
329
430
362
920
170
382
190
215
698
20
169
470
202
615
288
544
323
459
128
482
802
380
799
560
836
497
73
443
307
973
303
630
783
532
365
289
800
612
803
349
362
193
391
576
594
782
656
876
705
624
166
380
791
77
608
910
194
326
654
111
254
57
777
379
703
866
631
220
757
954
483
214
951
72
733
832
452
424
662
925
485
473
438
636
975
300
274
36
904
753
616
92
272
980
588
154
498
8
160
603
498
770
648
755
289
234
964
981
199
158
201
820
240
239
978
579
403
255
739
210
183
555
447
114
62
590
546
724
679
543
89
596
734
44
696
268
215
494
524
270
283
134
459
273
954
929
953
432
218
312
93
752
350
891
931
177
587
736
906
278
399
670
544
864
970
758
941
936
602
516
614
684
177
827
531
652
482
863
59
765
285
231
638
173
206
930
988
784
292
888
372
363
753
597
327
271
734
522
446
529
569
509
336
479
609
474
497
677
89
674
360
40
259
234
432
571
351
383
602
641
724
449
864
874
942
845
764
953
41
408
722
469
573
224
556
343
866
709
653
187
982
536
752
299
821
243
210
624
632
578
589
722
377
48
286
826
109
13
321
782
235
878
499
997
245
493
809
771
725
323
207
143
938
171
731
780
674
337
924
437
466
83
365
740
844
711
990
892
504
477
989
901
150
398
952
545
858
157
622
693
753
341
887
625
444
147
90
692
547
989
974
465
212
547
178
143
668
389
776
792
780
926
663
887
639
519
473
824
324
439
197
75
543
409
870
297
93
39
755
50
192
670
744
750
871
697
340
882
721
962
661
902
771
127
769
357
585
794
670
740
962
267
29
622
711
409
242
247
188
503
951
536
384
476
834
986
314
502
532
415
365
7
643
253
181
856
330
892
658
165
599
11
500
954
678
6
128
845
380
146
835
507
503
404
155
967
524
223
358
544
264
396
981
795
403
159
121
505
738
351
554
43
300
14
540
586
840
634
458
451
573
20
151
28
65
343
99
632
310
627
922
185
114
986
516
455
838
122
112
707
681
21
458
457
262
709
855
798
507
956
623
358
555
547
290
657
895
545
294
350
440
718
872
97
256
385
400
881
594
231
778
173
447
997
346
441
187
944
864
299
271
618
100
387
584
992
652
994
79
706
612
466
74
906
405
262
700
993
857
363
697
694
222
696
156
344
753
650
460
918
621
579
556
773
860
59
58
506
972
488
539
257
182
250
357
949
203
442
53
945
368
349
225
838
348
843
296
94
936
204
217
721
590
205
386
309
892
287
899
363
163
594
258
135
923
136
879
497
514
244
986
882
437
749
172
113
542
494
884
319
942
616
43
23
876
289
618
386
983
447
938
649
9
80
587
477
548
20
218
548
297
53
5
180
127
869
209
317
289
73
838
290
844
629
736
921
991
256
170
363
171
305
758
646
469
330
944
225
721
956
396
223
617
564
749
255
991
476
64
907
256
85
839
553
505
611
778
559
86
73
331
106
56
863
857
215
143
201
112
755
969
162
887
993
946
249
618
419
604
35
304
155
976
809
704
850
46
395
400
504
722
252
454
749
191
512
482
575
272
396
939
717
773
550
146
220
931
965
916
328
335
865
323
989
396
605
79
966
843
508
281
142
330
386
721
397
224
805
97
829
272
164
337
261
940
726
308
614
324
270
243
69
40
286
888
920
866
378
446
653
63
102
783
279
519
610
918
889
58
293
846
200
662
64
818
741
999
460
263
544
590
342
31
235
902
10
287
118
378
343
116
166
434
794
785
308
304
372
659
571
318
152
89
498
139
968
30
547
38
215
578
426
761
669
616
154
593
214
489
333
565
492
232
499
870
894
79
973
574
665
162
521
491
486
170
185
574
524
382
271
399
616
805
100
580
514
558
658
42
465
908
206
467
898
540
610
144
109
673
673
857
24
938
557
250
96
114
77
408
461
416
547
221
214
176
526
664
685
90
82
505
28
713
497
299
943
79
500
755
604
327
394
624
65
635
765
595
477
695
344
561
50
973
437
662
257
907
479
37
838
506
964
957
93
752
549
614
790
793
137
757
709
945
6
219
949
197
433
549
285
602
577
56
875
30
47
603
689
662
624
593
638
936
646
167
550
90
364
907
444
922
456
926
447
951
734
860
378
168
891
625
105
276
647
93
297
625
215
787
79
89
49
175
596
570
137
462
679
773
524
83
923
770
435
367
466
449
690
936
139
692
897
894
448
835
851
978
291
96
750
143
994
516
122
725
0
738
253
123
990
763
270
150
322
9
248
672
183
527
338
250
789
977
21
684
755
385
605
724
841
681
731
694
859
256
867
364
451
294
778
758
621
770
426
291
282
143
112
224
637
954
261
240
970
831
261
581
928
476
677
686
476
918
208
953
96
835
963
619
860
0
463
230
404
724
703
98
753
276
907
199
797
248
397
986
865
894
658
495
497
646
186
389
803
942
963
688
987
694
371
123
683
375
333
428
401
231
167
36
1
808
857
727
93
75
336
977
434
638
219
58
221
342
910
540
742
185
821
458
580
562
11
451
688
306
149
31
534
885
0
977
834
508
82
798
583
385
255
573
254
368
690
927
253
531
439
945
758
982
38
383
9
309
851
52
420
819
172
439
954
957
507
968
603
206
509
356
323
812
682
845
908
986
85
317
440
327
790
820
857
967
910
537
180
561
515
13
39
697
637
382
438
471
112
162
740
335
267
674
991
666
568
666
293
230
621
470
326
129
563
558
362
603
701
85
85
621
210
367
711
92
511
610
761
899
359
886
221
928
524
743
733
13
451
923
383
666
554
575
80
481
709
655
902
954
410
150
482
776
802
18
150
988
801
595
323
161
143
109
567
79
648
117
84
364
449
537
164
928
572
458
868
447
838
782
887
148
542
945
989
764
505
741
683
969
716
370
989
625
249
207
608
486
743
137
45
447
875
675
467
550
939
127
485
235
908
788
340
450
105
641
453
304
888
489
110
683
200
759
781
179
814
427
491
140
952
101
775
669
857
74
901
62
814
150
952
805
232
857
525
650
307
732
883
796
406
853
616
379
237
841
653
855
324
194
901
937
388
401
898
960
874
182
153
663
934
117
919
102
242
115
555
141
164
970
214
856
869
602
624
135
11
185
485
437
691
339
840
300
363
917
663
159
832
318
455
849
235
647
729
980
25
565
317
451
891
133
542
84
203
375
407
632
441
686
388
390
877
799
851
255
997
551
780
91
449
674
816
179
621
610
190
280
487
149
12
637
674
250
195
528
458
685
779
615
488
729
562
928
264
685
559
193
378
234
659
258
102
388
859
583
804
671
271
291
418
380
150
585
503
147
894
452
568
755
102
658
544
257
207
180
822
518
363
570
329
452
100
917
983
233
216
820
927
517
331
283
499
249
557
321
35
672
286
800
285
914
48
939
41
935
916
795
869
457
975
906
412
645
598
4
476
92
63
483
175
92
730
978
226
852
833
163
501
697
948
501
787
898
599
232
147
986
744
564
149
303
419
321
689
351
577
207
244
555
193
762
932
902
453
542
519
695
424
801
567
349
918
465
64
82
517
379
997
660
907
798
224
264
32
304
729
823
157
359
913
550
637
146
854
401
411
897
881
920
788
218
399
548
630
54
534
19
641
819
233
226
550
491
540
187
925
869
299
880
619
810
385
718
507
259
333
909
748
105
938
847
460
998
670
239
212
538
427
364
124
288
229
446
743
82
667
561
59
937
209
823
402
362
989
803
228
21
729
699
1
520
200
669
289
92
556
622
950
479
864
486
661
426
634
408
489
762
523
49
632
188
233
287
946
261
637
956
767
721
673
603
633
637
996
986
666
982
433
688
366
579
84
89
724
400
295
919
481
405
917
956
230
207
885
854
780
205
896
738
405
941
534
476
36
472
846
805
527
51
949
686
603
296
681
52
402
748
334
116
577
98
240
225
677
872
947
436
199
641
920
348
732
403
416
662
298
185
317
238
120
211
255
655
502
301
133
895
789
837
837
855
96
145
310
673
643
665
171
202
355
696
979
627
350
121
159
67
436
456
635
111
6
974
704
660
830
945
41
315
296
100
165
551
983
66
989
596
810
897
279
344
864
716
466
590
243
945
106
616
625
645
142
349
56
221
688
20
51
566
589
880
408
335
414
644
645
61
798
89
474
711
797
77
39
260
429
126
633
858
107
496
506
96
767
59
919
126
567
312
558
179
849
797
855
639
648
295
186
851
145
960
937
853
455
874
351
104
195
531
826
140
976
145
109
833
94
215
90
466
437
208
902
320
781
451
516
476
667
528
870
66
254
891
817
130
947
766
433
704
54
508
669
902
266
331
164
865
291
969
305
617
897
563
331
669
928
97
743
911
78
318
354
555
773
967
41
718
778
42
380
36
108
633
91
858
801
543
327
414
413
346
916
20
285
330
253
890
955
400
969
302
154
666
61
382
397
687
850
89
883
478
448
220
582
660
27
551
140
829
717
617
637
778
820
713
671
180
541
399
414
200
705
611
207
668
503
596
479
185
27
83
472
945
589
897
588
978
261
125
813
492
310
899
492
104
688
570
400
346
458
525
209
440
471
628
517
835
193
923
27
237
900
604
487
267
916
385
822
622
121
788
850
93
314
594
623
805
504
525
15
83
732
810
132
241
404
515
636
543
266
77
97
260
877
924
609
597
236
685
635
30
480
580
556
519
634
256
569
0
333
420
334
368
484
783
790
594
879
726
547
657
90
449
401
846
679
611
790
575
518
85
733
282
521
910
667
379
797
884
449
986
781
86
675
272
297
421
216
436
120
319
812
297
426
182
234
226
265
833
414
632
192
18
170
867
741
16
959
304
795
997
270
930
3
259
791
356
916
914
794
806
128
181
421
142
961
334
85
272
979
127
672
457
316
666
891
913
410
667
711
255
548
493
393
177
692
506
242
436
779
136
492
921
750
568
871
129
847
480
955
266
174
555
726
530
946
895
192
955
882
536
636
144
905
787
834
407
626
693
556
887
488
709
934
636
842
264
161
449
628
340
801
358
513
550
934
354
760
784
488
402
821
357
487
978
641
743
425
779
892
283
229
342
570
707
863
680
572
421
29
855
313
922
634
644
741
913
233
921
904
164
317
605
433
700
982
717
461
673
886
790
587
108
796
456
18
417
609
493
189
559
177
586
69
610
885
325
608
203
223
320
913
781
101
789
704
963
113
651
228
873
824
879
422
64
994
142
983
575
386
850
484
958
350
443
225
76
569
544
716
115
775
823
788
594
849
817
234
380
842
553
806
87
432
359
117
112
831
640
777
364
763
704
794
802
260
946
572
904
823
782
208
947
267
797
688
315
689
730
629
782
631
762
379
507
790
181
704
578
283
141
409
490
963
646
765
339
355
942
830
662
671
231
5
58
809
99
237
568
636
672
43
600
913
100
668
309
330
474
296
623
830
397
814
32
28
677
591
882
587
536
879
366
953
954
874
871
250
608
683
193
828
962
243
796
624
183
16
350
372
237
780
471
455
953
624
358
652
436
544
341
875
87
296
249
932
656
359
412
174
229
739
782
215
96
238
1
740
884
696
236
587
415
124
715
111
841
863
748
117
972
438
997
412
748
48
989
226
680
317
840
437
658
812
607
942
676
883
839
901
867
674
24
769
520
305
241
487
652
788
699
125
740
867
427
127
926
103
19
801
315
914
307
326
614
703
156
737
707
810
606
18
819
80
451
828
543
682
75
308
699
278
457
660
533
39
805
913
590
54
916
746
953
97
637
706
305
907
365
144
608
963
358
45
685
274
3
797
581
87
767
273
853
445
183
900
391
632
141
709
196
188
542
269
393
655
718
106
732
848
923
434
201
599
55
596
968
470
850
59
369
969
7
277
779
26
21
371
153
480
274
882
223
953
675
466
611
926
967
91
455
646
660
625
182
285
185
328
893
118
143
120
356
783
314
23
629
988
332
187
140
119
643
607
943
30
306
16
688
253
702
968
985
814
930
691
656
134
373
632
243
593
481
370
789
833
736
416
578
691
922
346
775
467
754
725
886
722
874
488
880
596
76
8
931
95
531
193
903
800
537
638
827
896
682
555
165
432
224
864
594
960
49
505
123
454
478
652
369
29
341
802
850
460
538
986
853
857
945
811
306
21
198
208
709
26
9
537
316
738
796
279
671
10
951
599
424
855
751
236
739
416
42
766
367
588
134
183
405
701
170
576
426
541
477
479
976
143
710
300
481
690
299
540
54
521
86
526
557
687
341
596
593
969
601
308
911
876
513
615
966
850
352
410
230
486
556
19
509
800
713
182
309
301
413
33
786
566
357
460
42
349
616
821
790
11
322
171
65
461
924
802
702
760
618
815
791
458
221
972
443
779
466
405
87
365
882
412
160
448
884
538
808
713
776
272
280
483
189
525
53
558
910
464
574
279
616
488
356
673
319
145
707
259
793
779
280
753
355
766
267
95
235
176
191
267
853
507
200
563
706
888
44
159
614
360
261
720
601
405
118
353
833
620
716
109
38
302
455
113
6
455
449
900
193
982
398
44
712
894
13
586
289
133
310
105
782
219
540
554
351
197
69
572
45
747
215
131
761
486
125
942
844
111
74
413
760
612
46
619
815
467
439
48
339
20
530
11
221
273
138
414
625
618
680
409
66
79
667
284
435
37
906
975
14
565
304
653
919
377
926
344
691
832
992
910
470
660
329
805
107
722
880
627
96
538
295
793
608
904
97
528
50
778
589
333
954
154
320
25
567
710
167
188
469
495
437
291
979
287
666
959
680
806
773
753
418
950
900
427
447
318
17
144
743
580
374
374
937
718
796
867
350
163
609
126
875
534
801
8
915
483
910
258
12
428
458
672
696
430
884
327
263
80
498
179
939
276
566
540
836
65
196
746
597
872
731
214
471
230
434
499
772
257
372
565
7
838
991
801
250
210
282
821
728
991
869
841
204
978
413
351
890
507
776
86
620
629
350
53
343
134
408
974
728
433
469
753
169
178
523
179
384
105
300
550
418
819
481
731
860
222
802
565
98
628
815
312
948
809
529
786
21
232
588
497
477
186
793
541
602
401
695
774
83
589
482
929
205
604
711
912
905
895
494
792
366
211
81
471
19
677
132
637
24
82
862
362
861
118
807
657
474
427
706
251
313
716
853
455
98
586
726
376
93
7
425
719
661
545
135
307
563
617
505
607
240
909
909
491
471
643
384
445
786
911
477
969
724
431
773
166
863
276
415
44
87
684
170
275
783
654
329
29
450
133
558
543
924
977
898
35
347
66
803
490
136
15
255
912
946
30
545
416
173
924
762
763
71
871
713
3
595
602
270
468
306
313
451
533
630
518
20
307
513
579
753
223
190
865
9
65
829
928
810
333
765
512
702
541
373
472
911
455
99
116
823
688
433
132
145
281
509
803
796
546
672
726
25
620
978
630
35
35
668
663
919
659
205
529
268
82
73
438
28
263
590
734
643
378
889
224
544
500
545
770
466
152
746
866
356
970
598
909
116
894
974
889
97
380
127
199
443
555
699
379
503
604
965
190
947
225
873
499
727
749
322
393
61
757
638
321
122
336
744
112
829
875
477
151
207
560
297
249
540
983
763
717
881
733
718
725
902
773
641
830
110
365
489
153
869
618
701
457
338
862
178
78
237
137
352
809
290
341
781
609
358
391
457
533
417
915
642
851
237
799
57
137
823
994
524
498
739
686
965
299
893
5
27
686
965
536
991
110
258
877
242
245
490
194
957
795
168
261
665
279
472
469
273
763
328
831
44
611
7
378
983
454
386
228
714
17
660
856
2
960
662
167
176
94
551
504
119
286
206
659
244
995
614
186
121
101
33
377
426
182
800
500
451
652
754
611
801
423
459
42
209
77
998
220
911
828
182
825
552
448
634
77
737
181
232
971
881
968
219
986
948
169
503
790
354
43
108
10
375
223
825
501
884
838
868
891
143
158
279
894
774
71
804
260
33
830
613
546
585
298
341
481
955
965
291
680
818
829
737
826
660
779
711
266
748
435
277
580
96
230
529
606
595
300
174
31
389
134
606
94
945
843
496
534
856
234
133
296
725
96
496
538
176
881
325
367
271
484
412
463
130
458
877
17
429
935
69
758
124
253
850
423
121
781
652
898
658
911
949
160
633
52
490
403
580
594
434
462
606
184
327
565
437
995
826
648
750
592
532
354
925
154
242
574
26
103
184
332
968
366
522
488
88
563
391
755
54
718
63
903
121
625
718
685
505
729
601
410
172
543
169
809
778
239
397
978
250
456
413
676
460
237
589
422
849
771
814
709
151
325
27
737
401
477
458
704
190
52
985
679
65
179
836
662
802
178
564
995
603
841
994
82
405
437
213
804
587
782
16
222
255
919
631
940
476
69
291
740
181
859
787
991
476
245
190
222
645
148
407
218
875
378
760
479
907
78
178
633
264
514
892
32
351
43
738
880
364
313
136
68
996
247
71
579
205
837
598
651
322
525
917
94
772
306
951
874
902
776
62
838
983
240
979
650
717
978
701
389
528
776
786
429
524
352
692
67
964
707
302
652
683
724
879
71
748
219
446
820
926
882
999
274
600
655
988
972
771
740
664
228
647
844
208
185
414
510
763
309
217
190
715
706
175
363
796
222
477
595
765
412
347
254
613
29
419
505
504
367
223
313
562
317
851
323
475
935
217
329
651
323
108
744
359
140
311
328
501
314
310
35
69
594
829
250
553
280
192
724
519
50
387
720
587
38
715
838
370
663
780
153
821
516
765
943
930
290
433
244
546
811
583
955
462
550
940
199
259
969
887
65
432
549
173
419
189
937
335
901
14
825
89
61
920
528
764
20
764
340
254
703
274
106
80
963
383
313
776
165
658
898
456
400
283
168
559
440
373
717
719
143
703
494
423
638
693
160
129
23
372
19
550
336
589
981
33
483
985
226
569
483
239
99
531
489
753
524
352
480
638
779
91
86
908
750
126
668
603
371
404
120
370
62
162
209
884
223
426
826
755
410
80
459
745
531
729
212
930
313
728
507
270
986
123
832
437
287
677
511
908
354
510
134
551
589
64
192
575
469
691
657
126
63
203
667
945
778
880
264
310
5
927
225
813
826
7
838
811
811
390
423
421
155
885
474
115
729
529
358
101
825
172
528
170
395
900
884
398
424
730
534
259
386
21
841
140
483
79
752
654
569
104
467
912
824
419
437
365
385
198
515
695
90
733
343
830
230
729
158
921
678
541
726
324
783
682
69
75
838
659
734
998
890
331
677
245
801
446
900
550
845
238
743
76
456
687
358
994
166
548
272
585
979
259
432
687
372
414
819
1
466
52
671
50
412
344
587
235
220
288
634
557
870
488
89
525
580
24
252
656
349
116
748
24
391
42
828
173
338
17
44
559
799
240
965
122
321
781
701
795
611
943
62
147
603
550
107
346
509
257
754
981
2
952
608
123
211
268
513
245
176
963
127
716
38
193
974
703
113
883
565
557
734
397
887
255
660
391
83
330
523
43
16
12
126
482
845
796
893
760
672
543
231
485
30
625
6
557
875
457
291
722
386
944
739
849
774
458
274
811
810
61
527
788
6
963
32
657
955
211
288
93
610
349
317
181
607
533
223
966
196
615
743
667
947
404
244
179
435
740
219
210
48
149
656
350
348
458
880
565
474
863
473
221
980
812
636
485
291
177
138
266
888
121
597
452
233
178
256
251
238
188
50
51
596
991
670
800
785
226
70
590
833
201
690
919
329
31
164
659
714
85
894
523
721
329
62
415
196
226
480
913
135
602
164
401
687
246
562
657
879
939
83
484
810
233
106
803
88
204
651
801
244
40
27
712
349
693
657
954
596
835
315
925
501
656
203
153
594
824
715
195
612
372
478
295
75
758
586
313
736
707
467
837
521
618
306
329
781
77
446
303
624
550
321
31
761
892
190
268
787
429
209
829
321
477
592
207
877
64
384
33
946
325
220
833
152
653
354
549
449
522
805
293
514
170
986
191
995
798
157
842
11
558
52
495
694
384
304
468
896
232
223
996
974
178
364
612
251
766
563
534
64
940
887
587
928
56
495
813
403
967
449
267
513
195
949
577
538
786
342
623
851
366
980
752
428
633
901
366
664
72
949
355
764
650
692
683
339
288
191
521
537
934
953
536
743
115
995
371
550
630
442
886
664
825
1
534
803
859
142
654
975
9
689
605
35
380
994
908
419
273
346
924
836
340
638
703
187
118
751
461
11
658
421
467
757
762
253
23
717
735
408
334
274
737
958
554
486
731
651
958
343
675
697
308
558
1
246
962
534
30
936
343
87
94
406
476
827
353
936
881
136
14
402
861
152
977
557
691
613
479
526
57
793
647
371
178
917
140
603
263
976
928
966
729
834
267
69
323
770
797
411
453
917
856
300
755
168
705
980
952
728
272
100
797
415
669
960
255
642
854
845
232
209
687
417
548
894
913
859
550
754
550
429
836
268
828
662
673
387
688
421
257
798
700
91
138
130
476
449
474
884
646
114
787
432
201
562
710
258
175
839
463
914
93
742
805
749
602
289
797
609
182
464
975
145
694
838
337
58
293
517
218
685
661
636
146
47
390
832
41
341
70
81
269
659
698
495
119
343
331
60
680
370
237
387
456
975
356
682
712
591
904
540
89
131
450
714
428
492
431
123
115
144
789
969
471
597
660
991
988
315
967
168
474
709
459
936
198
81
735
49
488
624
116
287
670
504
742
429
49
640
292
724
190
19
933
200
943
144
532
766
299
121
173
115
396
940
408
479
751
911
446
674
650
23
993
757
225
666
601
940
25
938
196
618
272
205
206
782
620
380
657
980
228
569
22
415
724
37
973
614
813
496
817
69
84
154
392
342
1
65
802
647
204
500
160
485
51
64
487
265
502
425
868
258
95
283
922
196
876
785
297
567
295
758
50
59
976
354
425
594
160
575
458
102
266
708
223
166
662
306
64
515
493
902
324
151
436
78
992
824
562
704
550
794
92
967
215
779
108
998
227
66
149
650
392
330
491
220
914
428
760
764
98
171
489
